a=[0.004897042022200591,153676.85896070817;...
0.006051317256336525,123153.36711267258;...
0.007481932692888186,148574.4902547708;...
0.009241653539871926,88424.92227652275;...
0.011417622299910318,61067.313279866765;...
0.013835291529931426,39144.74950125555;...
0.01742539369215053,27038.040967114226;...
0.02071438280182073,18666.985666534503;...
0.02559163227517248,12891.644485976612;...
0.031009024461113834,7961.998718300512;...
0.039059568309558056,5924.14460873082;...
0.04824372127201026,3397.0752470280695;...
0.05846534188043605,2345.695940085522;...
0.07363261968872041,1561.0704306984073;...
0.0892288755795307,1038.5756228338248;...
0.11022658637276503,665.8408052822492;...
0.13357387530948486,442.981953571951;...
0.16498992015280808,263.64313784508664;...
0.19993672803477353,175.40101375876023;...
0.2517919338148799,112.46877330576605;...
0.3110930637569662,80.61521320269927;...
0.37704490221987574,59.963282725327794;...
0.46567605614162344,33.12943231018393;...
0.5750520632198949,16.371550844042712;...
0.7099337049258847,6.717552009818927;...
0.8595923710576302,2.464971546148885;...
1.061434707870253,1.173645168950675;...
1.3112839570572974,0.7809442286263703;...
1.6203649471099082,0.6258320994648631;...
1.9643922561705593,0.5606358160494358];
b=[0.0051030578792258295,1043556866289.1427;...
0.006186833004076769,970264287172.5859;...
0.007644726625983829,749164068162.812;...
0.00944322574148771,462762649918.88416;...
0.011442818625858771,296635418142.4937;...
0.01413999012013205,237717316687.6339;...
0.01747018969717752,170390692487.12714;...
0.02158358637981616,117673858570.6113;...
0.026153887559282513,75430102770.0756;...
0.03231188104356827,52092934864.99057;...
0.039921858962267825,37339102464.277176;...
0.049318995134578714,24845462106.43615;...
0.06093758793566173,18483450527.537716;...
0.07386020875084602,14269290027.122906;...
0.09125076620448415,9854543062.447798;...
0.11274181820929319,7063525871.61796;...
0.13928714078765406,4878155797.67902;...
0.16880730760304632,3496013798.642393;...
0.20855337969130233,2414389115.3762927;...
0.25765775663540746,1667406119.1380947;...
0.31830736283845273,1109493073.3463583;...
0.3857086042361235,711195991.7162461;...
0.4764751601252377,455954579.9330044;...
0.5885402249632651,271363867.5324736;...
0.7130150399087617,149903936.19223544;...
0.8805306427737243,76884675.55095375;...
1.0874587281046018,40927711.11840249;...
1.3428067491646853,19486882.315281924;...
1.6582854831704288,9994685.012064964;...
2.008800405040498,5125406.128185426];